111111111111111111111111111111111111111111111111111111111111111111111111111111111
100000000001111111111111111111111111111111111111110002000000000000000000011111111
100000000000011111111111111111111111110000000000000000000000000000000000000001111
111000000001111111111111110000000000000000000000000000000111111111111100000001111
11111100000011110000000000000000000000000000011111111111111111111111110000001111
111111110000010000000000000000011111111100000011111111111111111111111111000001111
111111111110000001111111111111111111111111000000000000000000000011111100000011111
111111111111000011111111111111111111111111111110000000000000000000000000011111111
111111111111111111000000000000011111111111111111111111111111111100000011111111111
111111000000000000000000000000000000000000211111111111111111111110000000011111111
111000000000000000000011111110000000000000000000000000011111111111111000000111111
111000040000011111111111111111111000000000000000000000000000000000000000000001111
111030000003011111111111111111111111111111130000000000000000000000000000000300111
111111111111111111111111111111111111111111111111111111111111111111111111111111111
